0
[[1.         0.62866311 0.64712249 0.6115894 ]
 [0.62866311 1.         0.68724761 0.69422393]
 [0.64712249 0.68724761 1.         0.59745271]
 [0.6115894  0.69422393 0.59745271 1.        ]]

1
[[1.         0.37606304 0.18809532 0.65260847]
 [0.37606304 1.         0.73890597 0.59598394]
 [0.18809532 0.73890597 1.         0.36394552]
 [0.65260847 0.59598394 0.36394552 1.        ]]

2
[[ 1.          0.48876362 -0.26628814  0.61326312]
 [ 0.48876362  1.          0.27432185  0.81529041]
 [-0.26628814  0.27432185  1.         -0.10333507]
 [ 0.61326312  0.81529041 -0.10333507  1.        ]]

3
[[ 1.          0.36512011  0.1598813   0.58751539]
 [ 0.36512011  1.         -0.02272388  0.12807011]
 [ 0.1598813  -0.02272388  1.         -0.24921295]
 [ 0.58751539  0.12807011 -0.24921295  1.        ]]

4
[[ 1.         -0.3327769   0.75470338 -0.38121624]
 [-0.3327769   1.         -0.566592    0.70135087]
 [ 0.75470338 -0.566592    1.         -0.65403871]
 [-0.38121624  0.70135087 -0.65403871  1.        ]]

5
[[1.         0.44961984 0.17043914 0.24340062]
 [0.44961984 1.         0.56300762 0.42496725]
 [0.17043914 0.56300762 1.         0.7387473 ]
 [0.24340062 0.42496725 0.7387473  1.        ]]

6
[[1.         0.85320942 0.71867371 0.82182187]
 [0.85320942 1.         0.66891052 0.69335103]
 [0.71867371 0.66891052 1.         0.69990025]
 [0.82182187 0.69335103 0.69990025 1.        ]]

7
[[1.         0.56616499 0.30461295 0.23947029]
 [0.56616499 1.         0.58609697 0.4742688 ]
 [0.30461295 0.58609697 1.         0.39897031]
 [0.23947029 0.4742688  0.39897031 1.        ]]

8
[[1.         0.65862866 0.65526636 0.72453429]
 [0.65862866 1.         0.59678904 0.74043955]
 [0.65526636 0.59678904 1.         0.73877674]
 [0.72453429 0.74043955 0.73877674 1.        ]]

9
[[1.         0.76398144 0.77963458 0.71138067]
 [0.76398144 1.         0.65763146 0.84908082]
 [0.77963458 0.65763146 1.         0.7591761 ]
 [0.71138067 0.84908082 0.7591761  1.        ]]

10
[[1.         0.67945596 0.43786127 0.36167732]
 [0.67945596 1.         0.7703955  0.31953678]
 [0.43786127 0.7703955  1.         0.40980348]
 [0.36167732 0.31953678 0.40980348 1.        ]]

11
[[1.         0.8807092  0.89571607 0.9068653 ]
 [0.8807092  1.         0.88736854 0.88331033]
 [0.89571607 0.88736854 1.         0.93986389]
 [0.9068653  0.88331033 0.93986389 1.        ]]

12
[[1.         0.18285698 0.53563883 0.66980092]
 [0.18285698 1.         0.71626741 0.14713351]
 [0.53563883 0.71626741 1.         0.55897364]
 [0.66980092 0.14713351 0.55897364 1.        ]]

13
[[1.         0.29296917 0.73887774 0.38586502]
 [0.29296917 1.         0.10556596 0.56590427]
 [0.73887774 0.10556596 1.         0.42255237]
 [0.38586502 0.56590427 0.42255237 1.        ]]

14
[[1.         0.38214778 0.66870972 0.5895363 ]
 [0.38214778 1.         0.48997805 0.35717514]
 [0.66870972 0.48997805 1.         0.65544769]
 [0.5895363  0.35717514 0.65544769 1.        ]]

15
[[1.         0.59624374 0.34888775 0.67006183]
 [0.59624374 1.         0.42652726 0.496778  ]
 [0.34888775 0.42652726 1.         0.38916626]
 [0.67006183 0.496778   0.38916626 1.        ]]

16
[[1.         0.67940406 0.81612571 0.75850286]
 [0.67940406 1.         0.69701541 0.69866837]
 [0.81612571 0.69701541 1.         0.71525362]
 [0.75850286 0.69866837 0.71525362 1.        ]]

17
[[1.         0.24794697 0.33326598 0.45154501]
 [0.24794697 1.         0.45790741 0.68932559]
 [0.33326598 0.45790741 1.         0.44260245]
 [0.45154501 0.68932559 0.44260245 1.        ]]

18
[[1.         0.87108531 0.6886418  0.69483076]
 [0.87108531 1.         0.73167908 0.76200387]
 [0.6886418  0.73167908 1.         0.68451429]
 [0.69483076 0.76200387 0.68451429 1.        ]]

19
[[1.         0.62580814 0.54712421 0.63377083]
 [0.62580814 1.         0.5066721  0.73535715]
 [0.54712421 0.5066721  1.         0.43077435]
 [0.63377083 0.73535715 0.43077435 1.        ]]

20
[[1.         0.35545158 0.60240018 0.56988996]
 [0.35545158 1.         0.44870915 0.39493017]
 [0.60240018 0.44870915 1.         0.49632707]
 [0.56988996 0.39493017 0.49632707 1.        ]]

21
[[ 1.          0.75959262  0.17937859  0.73095625]
 [ 0.75959262  1.         -0.02221286  0.59710814]
 [ 0.17937859 -0.02221286  1.          0.36696497]
 [ 0.73095625  0.59710814  0.36696497  1.        ]]

22
[[ 1.          0.5742255  -0.23146195  0.38465987]
 [ 0.5742255   1.         -0.29590767  0.08731719]
 [-0.23146195 -0.29590767  1.         -0.22848818]
 [ 0.38465987  0.08731719 -0.22848818  1.        ]]

23
[[1.         0.36094071 0.24393207 0.53644806]
 [0.36094071 1.         0.34519437 0.47863099]
 [0.24393207 0.34519437 1.         0.27993732]
 [0.53644806 0.47863099 0.27993732 1.        ]]

24
[[ 1.          0.22199216  0.16671886 -0.03156298]
 [ 0.22199216  1.          0.08893322  0.48425499]
 [ 0.16671886  0.08893322  1.          0.41804538]
 [-0.03156298  0.48425499  0.41804538  1.        ]]

25
[[1.         0.90164252 0.82889435 0.64507205]
 [0.90164252 1.         0.92820392 0.7588015 ]
 [0.82889435 0.92820392 1.         0.84608384]
 [0.64507205 0.7588015  0.84608384 1.        ]]

26
[[1.         0.53083727 0.69453936 0.62261905]
 [0.53083727 1.         0.63595981 0.63637732]
 [0.69453936 0.63595981 1.         0.78272902]
 [0.62261905 0.63637732 0.78272902 1.        ]]

27
[[1.         0.6212936  0.56837737 0.59161295]
 [0.6212936  1.         0.58821645 0.62881733]
 [0.56837737 0.58821645 1.         0.48307446]
 [0.59161295 0.62881733 0.48307446 1.        ]]

28
[[ 1.          0.44698555 -0.62873846  0.32484679]
 [ 0.44698555  1.         -0.47059944  0.15123757]
 [-0.62873846 -0.47059944  1.          0.07954483]
 [ 0.32484679  0.15123757  0.07954483  1.        ]]

29
[[ 1.         -0.00358299 -0.13078887  0.3073759 ]
 [-0.00358299  1.          0.13936628  0.43383999]
 [-0.13078887  0.13936628  1.         -0.06991374]
 [ 0.3073759   0.43383999 -0.06991374  1.        ]]

30
[[ 1.          0.30065238 -0.06003438  0.45721234]
 [ 0.30065238  1.          0.06436661  0.06957472]
 [-0.06003438  0.06436661  1.          0.45579949]
 [ 0.45721234  0.06957472  0.45579949  1.        ]]

31
[[1.         0.18550182 0.22840971 0.40806385]
 [0.18550182 1.         0.666104   0.6036454 ]
 [0.22840971 0.666104   1.         0.71067147]
 [0.40806385 0.6036454  0.71067147 1.        ]]

32
[[ 1.          0.8429679   0.56009137  0.47502795]
 [ 0.8429679   1.          0.7270427   0.229325  ]
 [ 0.56009137  0.7270427   1.         -0.30271946]
 [ 0.47502795  0.229325   -0.30271946  1.        ]]

33
[[ 1.          0.85414674 -0.57958617 -0.54498086]
 [ 0.85414674  1.         -0.50794239 -0.54129577]
 [-0.57958617 -0.50794239  1.          0.84682828]
 [-0.54498086 -0.54129577  0.84682828  1.        ]]

34
[[1.         0.72079827 0.70910193 0.69303163]
 [0.72079827 1.         0.63064309 0.74241795]
 [0.70910193 0.63064309 1.         0.66438955]
 [0.69303163 0.74241795 0.66438955 1.        ]]

35
[[1.         0.29127702 0.30535906 0.53459567]
 [0.29127702 1.         0.61860124 0.36317869]
 [0.30535906 0.61860124 1.         0.28925092]
 [0.53459567 0.36317869 0.28925092 1.        ]]

36
[[1.         0.55370941 0.37439565 0.42903168]
 [0.55370941 1.         0.65706915 0.29250549]
 [0.37439565 0.65706915 1.         0.14062823]
 [0.42903168 0.29250549 0.14062823 1.        ]]